del_count: 36835
Accuracy: 0.34
Precision: 0.29
Recall: 0.34
F1 Score: 0.31

Validation Accuracy: 34.2550%
E.I: 1007/1302 Accuracy: 0.7734254992319508
S.N: 1125/1302 Accuracy: 0.8640552995391705
T.F: 980/1302 Accuracy: 0.7526881720430108
J.P: 865/1302 Accuracy: 0.6643625192012289
