Accuracy: 0.43
Precision: 0.36
Recall: 0.43
F1 Score: 0.39

Validation Accuracy: 42.6267%
E.I: 1032/1302 Accuracy: 0.7926267281105991
S.N: 1140/1302 Accuracy: 0.8755760368663594
T.F: 1033/1302 Accuracy: 0.793394777265745
J.P: 897/1302 Accuracy: 0.6889400921658986
