Accuracy: 0.42
Precision: 0.36
Recall: 0.42
F1 Score: 0.38

Validation Accuracy: 42.2427%
E.I: 1033/1302 Accuracy: 0.793394777265745
S.N: 1146/1302 Accuracy: 0.880184331797235
T.F: 1010/1302 Accuracy: 0.7757296466973886
J.P: 898/1302 Accuracy: 0.6897081413210445
