Accuracy: 0.98
Precision: 0.98
Recall: 0.98
F1 Score: 0.98

Test Accuracy: 97.8495%
E.I: 1299/1302 Accuracy: 0.9976958525345622
S.N: 1289/1302 Accuracy: 0.9900153609831029
T.F: 1284/1302 Accuracy: 0.9861751152073732
J.P: 1290/1302 Accuracy: 0.9907834101382489
