del_count: 7372
Accuracy: 0.42
Precision: 0.36
Recall: 0.42
F1 Score: 0.39

Validation Accuracy: 42.3963%
E.I: 1030/1302 Accuracy: 0.7910906298003072
S.N: 1139/1302 Accuracy: 0.8748079877112135
T.F: 1031/1302 Accuracy: 0.7918586789554531
J.P: 891/1302 Accuracy: 0.684331797235023
