del_count: 0
Accuracy: 0.43
Precision: 0.37
Recall: 0.43
F1 Score: 0.39

Validation Accuracy: 43.1644%
E.I: 1035/1302 Accuracy: 0.7949308755760369
S.N: 1146/1302 Accuracy: 0.880184331797235
T.F: 1028/1302 Accuracy: 0.7895545314900153
J.P: 903/1302 Accuracy: 0.6935483870967742
