Validation Accuracy: 42.2427%
E.I: 1029/1302 Accuracy: 0.7903225806451613
S.N: 1145/1302 Accuracy: 0.879416282642089
T.F: 1031/1302 Accuracy: 0.7918586789554531
J.P: 891/1302 Accuracy: 0.684331797235023
