del_count: 7372
Accuracy: 0.42
Precision: 0.36
Recall: 0.42
F1 Score: 0.38

Validation Accuracy: 42.2427%
E.I: 1031/1302 Accuracy: 0.7918586789554531
S.N: 1146/1302 Accuracy: 0.880184331797235
T.F: 1032/1302 Accuracy: 0.7926267281105991
J.P: 890/1302 Accuracy: 0.6835637480798771
