del_count: 7372
Accuracy: 0.42
Precision: 0.36
Recall: 0.42
F1 Score: 0.39

Validation Accuracy: 42.3195%
E.I: 1031/1302 Accuracy: 0.7918586789554531
S.N: 1137/1302 Accuracy: 0.8732718894009217
T.F: 1027/1302 Accuracy: 0.7887864823348695
J.P: 891/1302 Accuracy: 0.684331797235023
