del_count: 7372
Accuracy: 0.41
Precision: 0.36
Recall: 0.41
F1 Score: 0.38

Validation Accuracy: 40.8602%
E.I: 1021/1302 Accuracy: 0.7841781874039938
S.N: 1131/1302 Accuracy: 0.868663594470046
T.F: 1026/1302 Accuracy: 0.7880184331797235
J.P: 874/1302 Accuracy: 0.6712749615975423
