del_count: 7372
Accuracy: 0.41
Precision: 0.36
Recall: 0.41
F1 Score: 0.38

Validation Accuracy: 41.3210%
E.I: 1026/1302 Accuracy: 0.7880184331797235
S.N: 1140/1302 Accuracy: 0.8755760368663594
T.F: 1026/1302 Accuracy: 0.7880184331797235
J.P: 880/1302 Accuracy: 0.6758832565284179
