del_count: 7372
Accuracy: 0.42
Precision: 0.37
Recall: 0.42
F1 Score: 0.38

Validation Accuracy: 42.0123%
E.I: 1019/1302 Accuracy: 0.782642089093702
S.N: 1146/1302 Accuracy: 0.880184331797235
T.F: 1027/1302 Accuracy: 0.7887864823348695
J.P: 890/1302 Accuracy: 0.6835637480798771
