Accuracy: 0.42
Precision: 0.36
Recall: 0.42
F1 Score: 0.39

Validation Accuracy: 42.3195%
E.I: 1026/1302 Accuracy: 0.7880184331797235
S.N: 1142/1302 Accuracy: 0.8771121351766513
T.F: 1032/1302 Accuracy: 0.7926267281105991
J.P: 882/1302 Accuracy: 0.6774193548387096
